8 9
9 4
8 9
8 1
2 3
2 5
9 4
2 6
4 2
3 9
72 89
25 55
10 27
95 33
68 50
25 88
59 50
55 41
84 70
12 47
54 86
16 33
18 30
94 76
38 19
28 86
31 67
91 52
86 74
28 95
57 55
77 66
48 88
29 36
47 75
35 56
21 88
52 56
78 74
45 44
99 28
42 83
56 34
47 75
10 45
15 40
68 64
93 86
87 34
80 81
94 21
92 96
47 41
93 95
66 16
83 83
82 81
28 67
27 63
52 20
98 88
70 94
66 17
14 13
80 37
25 21
54 12
93 35
28 59
35 35
15 24
57 73
92 83
99 32
62 40
14 14
35 91
35 35
86 25
46 93
21 60
11 13
45 90
36 28
75 63
35 55
86 64
49 48
22 81
39 12
82 94
20 46
41 14
26 19
97 83
95 93
67 95
18 17
64 33
16 68
62 54
75 50
73 62
26 93
82 97
35 57
91 55
71 48
44 36
74 17
88 46
60 58
47 48
96 99
40 79
76 25
35 69
59 47
65 12
32 33
40 97
19 87
38 34
46 47
59 89
78 57
18 28
53 74
24 62
86 74
99 76
29 99
30 82
37 76
82 32
57 60
67 55
20 76
62 71
68 24
72 82
75 39
29 30
39 27
52 58
46 63
75 94
36 50
45 29
50 33
71 62
34 94
42 88
97 63
82 97
65 22
93 35
31 75
77 44
77 69
10 53
86 19
73 89
59 86
74 41
66 81
97 45
88 67
53 20
95 80
95 49
34 14
69 77
81 33
72 69
99 57
29 29
54 77
23 79
89 17
96 47
79 25
94 14
69 58
95 34
70 28
89 11
16 37
49 89
77 18
68 19
48 37
20 69
52 32
41 82
85 76
24 19
95 39
61 31
90 77
64 48
32 63
73 35
71 45
21 45
16 73
16 95
22 71
20 55
31 54
901 603
411 635
440 337
250 782
937 746
399 148
821 863
761 465
738 617
443 275
292 451
956 588
106 678
507 352
394 880
346 282
187 739
142 420
393 854
324 724
618 720
651 618
105 735
368 328
827 347
965 892
425 427
367 621
921 951
819 446
932 158
511 101
190 639
471 606
790 568
619 481
474 189
480 978
878 561
558 488
502 165
867 875
103 541
876 185
994 774
277 669
804 549
122 787
549 627
926 491
240 852
378 785
154 369
820 918
113 158
536 387
782 947
964 457
862 478
722 345
639 720
560 333
119 214
812 560
674 740
462 407
971 552
469 950
198 417
687 651
754 937
122 786
788 648
620 705
403 271
451 677
776 711
928 232
859 394
846 884
587 716
136 866
208 585
975 597
822 682
790 914
526 516
721 821
317 175
120 456
725 690
187 328
317 703
217 536
642 390
396 774
564 277
558 855
263 697
352 222
330 398
298 870
278 369
761 574
424 923
991 930
863 225
439 822
568 451
480 877
876 587
767 763
223 387
484 632
565 810
212 106
972 721
767 646
774 740
889 427
647 781
649 127
293 406
438 594
945 388
887 197
962 269
343 275
451 457
610 875
276 223
614 837
187 581
465 144
118 322
365 513
646 878
799 599
108 271
271 321
420 820
299 615
975 221
442 665
444 677
913 453
150 337
138 165
847 837
711 336
287 687
479 158
570 571
787 965
420 779
890 217
883 233
447 873
647 471
470 668
522 248
511 813
769 175
539 557
576 119
338 641
270 648
324 305
672 493
727 867
855 200
832 752
693 499
906 255
562 481
549 969
185 319
527 304
588 363
723 393
785 701
113 325
495 253
735 139
317 728
907 681
620 839
203 134
211 815
800 501
498 421
401 202
390 751
390 904
145 325
748 326
125 541
451 736
890 818
241 914
7040 8784
9652 2958
4466 3366
1246 3413
9876 9526
3172 5218
4207 6416
5498 5064
5284 1053
1282 8539
2595 1673
7447 5985
9811 9159
8167 4306
8479 3100
6760 4231
4405 8473
2418 1644
3303 8868
9280 3773
3563 3113
1698 8367
6165 3563
9187 4365
6800 5262
1749 2800
6143 4853
8901 8003
2056 2274
3524 8380
7794 4688
1851 7545
8484 3377
2959 4804
8532 5397
7758 3380
6224 5845
5272 6741
5432 8530
8670 7529
6819 5515
4692 1394
5334 1739
2691 8322
7891 3632
7099 1453
7146 9730
4411 1962
8298 1388
8647 6193
2187 3244
2470 5293
2437 6499
1214 7139
2396 7820
9512 2070
9479 9793
7129 4841
4503 6567
4487 6013
4588 5983
4444 2428
1947 4129
1711 3074
3465 4080
5343 5015
6213 4244
5222 5353
9690 1229
3352 9676
6468 4395
2095 7295
8109 2671
4090 2457
3606 8963
6532 3594
8758 7568
6616 5323
2438 2162
6830 3104
4308 3916
6358 7435
3703 1315
2474 8982
6422 4402
7101 8737
6040 6703
9752 1298
7771 1623
9587 2380
5514 8532
4283 5871
7098 9099
8024 8925
6101 9782
8169 3424
3271 1713
4561 3444
9413 8400
3881 8801
3988 6759
6680 5394
8178 5139
3246 9831
4008 1204
6075 8419
4636 2290
3899 6419
8042 8117
7965 8605
5764 6652
7761 5838
9744 4842
3785 4718
9156 2444
1461 5282
3023 6583
3068 6643
7240 9277
7851 3952
9246 1998
1203 2146
7580 1813
1994 5499
7943 7353
7558 3805
9788 2291
5264 7661
7830 6180
4572 3225
7212 1645
2380 2127
5911 2958
6632 9819
6441 6532
3466 5628
2757 2018
8265 5456
2242 9939
1751 4869
2974 3401
7342 9883
1907 3764
2007 3199
1286 6751
5843 3970
1407 9426
9425 3837
5414 8568
7159 1880
5433 5483
7505 6891
8721 4435
6797 2689
3430 2446
3961 7643
9895 6710
3245 4539
4756 1066
3766 4820
3335 4484
1627 5727
8598 6640
9798 1023
1796 8690
8481 3176
8440 1707
4506 9093
4139 6368
4929 3172
4094 1263
5727 4225
8076 9594
3227 1705
6957 9758
6246 1724
5797 9148
1820 6338
6427 1092
8790 7297
9119 7411
6630 9901
9093 3898
5494 2674
3956 5491
1621 9082
1416 6405
9700 2335
4152 6180
4896 2134
6575 5126
9911 7367
1252 9120
5104 3653
6101 6576
8130 5556
5001 4699
8294 1746
4850 5663
8773 7064
91467 74442
48330 24573
25072 88802
45039 12868
69004 87025
47021 49605
19955 90353
71708 33594
25194 47617
90841 66644
87968 79763
74374 72534
83413 23333
84773 23487
24510 53847
26457 37594
77507 89192
89007 78627
29948 45735
13553 95843
48094 89367
89882 60989
22936 23150
39736 82530
48034 93518
49691 86677
43288 27987
64422 70629
54351 14169
17007 91732
60241 58931
32134 58114
77361 76475
43111 98625
79912 31140
76366 13812
91012 32299
20852 70054
79879 44665
97626 78006
57689 95267
70930 58343
34277 72609
20151 23208
80856 18484
10630 90252
39535 32080
92511 52320
64296 87162
72754 33724
28404 65266
71382 42960
49536 87861
42959 43519
17457 29154
41653 53436
46632 41184
11782 71531
93202 40126
52704 35436
50328 75153
59283 40669
87889 30184
54445 19751
71088 57588
85202 14228
59492 30086
86299 44999
94956 38008
93699 44053
21279 92999
81675 55343
32456 30503
77280 90055
91613 49654
47891 33772
31806 24523
92998 30885
70107 44918
29180 47154
81294 35633
92973 14355
79884 79388
75828 37932
87957 53667
10611 65865
73863 86206
73957 43566
60621 72234
86408 22488
61696 11646
59228 37559
95591 90968
13375 29488
76696 10254
54895 92383
10462 95938
18310 73793
15496 15603
24932 40122
21131 14984
57384 42151
90486 53009
91187 24180
33605 86018
81745 33996
12615 67374
86016 34809
63248 14441
31620 81308
60172 63659
86584 96019
48917 29364
14303 66648
80525 81420
16258 95209
66641 77022
10153 84996
94196 55621
55436 71719
11816 16003
35488 74679
49661 48578
45679 66297
55743 68221
76073 54137
89081 59436
74448 86148
41240 78685
39240 71733
23597 80874
82824 74724
66122 88389
81583 30828
25279 80792
95317 66032
85919 52717
58757 12031
97896 21807
26434 54756
81163 37466
56364 33931
13179 33875
56262 20168
23790 26447
28889 92172
56403 13006
34653 80640
80848 91988
89524 71719
59975 20449
37918 67828
62717 50671
67567 55905
53142 19996
24963 86275
23879 99734
23034 10285
78608 90580
78907 17605
16880 48878
70219 57090
15788 91694
81001 78302
79050 87151
73818 98399
59781 38227
98844 23820
60476 82580
40202 79466
91859 91729
42743 14828
92134 69962
52514 92462
80155 45461
37757 63256
69821 43886
94129 71276
57002 95986
81098 64781
68698 21211
19024 16865
53371 94187
16476 70953
45578 77295
54280 55991
14679 82438
46285 64335
70558 51643
61947 84416
34615 68657
80186 90830
73399 16259
45835 91338
81241 99592
96185 94907
16329 97143
74665 10272
76756 49365
56274 95093
541255 709669
690121 258456
702777 132823
551388 954579
344219 607114
160421 163565
164441 445607
545577 329044
589663 641892
783508 960471
874389 717800
352062 157526
645858 876293
553360 275230
693525 996264
694338 113493
710792 202325
951271 684709
952800 395344
584652 549250
877165 357938
642355 685623
119113 213450
663044 304485
220084 648250
380585 605981
865829 939703
617471 171068
294991 908010
302441 587784
900405 882596
862157 507672
953453 238291
227456 625575
179921 910318
871551 583048
318875 734597
652697 863744
349192 174263
162586 524583
448224 349295
794666 882433
210814 173319
557844 511937
903647 707164
962611 177738
841452 883530
262873 916676
947898 418019
114275 707275
184636 573350
240631 595615
283580 364324
246704 938597
573688 754248
195586 555621
539599 919231
824751 109471
223637 321883
982331 453896
289364 901894
884105 530450
184503 455676
973079 823832
942500 630890
540588 591868
172283 188393
331239 178962
497721 616536
318463 533291
209728 266598
304825 218715
876449 658939
896833 846973
899303 595693
421693 830013
328479 816176
773332 687641
815652 100357
802489 811013
799648 986966
993885 969411
674470 790923
922363 187292
249469 652279
738171 326040
473833 405824
664519 982330
606076 953917
271291 147215
976665 761843
257569 264275
336631 206059
992181 557915
994870 136727
194560 691806
987705 671814
699743 501514
250446 850877
839248 324250
514337 580207
491500 329284
377582 255693
711381 317460
689378 823383
711112 164975
183972 895849
304470 388783
463256 408518
930843 959079
146641 642589
300849 563253
798976 608488
992200 367453
424117 612176
199201 194125
750329 976848
931739 225657
606821 387235
728250 143416
512143 106955
486876 171504
680014 522459
689692 578319
880926 359319
640751 429577
433478 675338
751857 121135
449421 907856
844760 463819
251699 313440
735929 237236
507342 649076
369953 521591
341483 154171
839984 548441
539105 583517
573187 218284
186237 258387
265599 956751
608915 689192
395850 795513
209050 936852
447825 739378
555957 985524
274198 178240
441937 907636
130970 436592
203546 890320
507886 868639
823904 333292
174022 534031
805581 979535
333335 386685
682992 637630
773139 992273
932423 139762
367756 153763
455760 729410
967139 311701
687722 703867
709244 477132
983598 725219
607595 802679
404252 805486
576060 227367
673079 617408
180937 713410
253697 907299
728016 203225
578672 305018
246463 873168
795596 925704
307656 834603
255517 470448
801009 769274
690911 799710
165032 422320
239266 140210
830715 702219
312290 955013
599541 504236
473624 146169
485194 270485
879850 865414
136039 594592
604226 670677
521262 990213
714432 667879
267249 483628
534248 612479
168393 358395
484276 907455
773541 205026
342561 600913
254072 523447
177709 422754
232809 963529
309891 811251
499472 169019
