9 3
4 1
7 3
7 5
7 2
5 3
4 7
8 6
8 6
1 4
17 75
26 83
95 98
74 23
59 32
35 91
93 91
19 94
43 11
39 43
77 54
48 41
12 32
68 92
66 44
79 72
31 11
25 62
45 76
60 17
65 77
50 26
16 50
83 71
22 28
82 17
36 74
99 90
22 84
87 47
69 90
51 19
72 66
23 48
26 25
65 50
54 87
91 73
81 20
47 69
47 68
44 31
73 45
55 30
35 98
97 68
27 73
50 51
53 42
89 98
80 19
93 10
33 93
42 21
97 74
41 94
38 30
43 62
84 47
55 55
96 42
72 13
74 61
45 18
69 85
60 75
73 81
10 11
39 71
20 73
77 32
15 64
45 29
82 18
60 19
18 41
47 23
58 16
74 28
76 83
12 76
27 11
24 99
60 28
73 88
32 27
22 17
76 94
10 84
10 78
99 17
35 14
48 66
64 91
72 66
95 18
71 94
55 89
56 15
96 97
39 70
82 74
95 31
69 10
47 81
49 73
49 82
73 44
71 84
72 91
48 92
82 13
16 21
88 74
68 53
12 40
51 55
94 63
36 99
61 98
51 18
67 53
74 74
25 26
23 45
95 66
60 78
45 86
20 52
15 50
70 58
40 38
78 90
71 87
67 95
56 98
62 81
71 26
67 97
29 27
57 71
18 48
77 74
30 60
58 43
82 14
28 70
71 97
96 80
41 84
73 29
55 33
13 21
43 87
41 79
45 60
62 85
50 81
13 20
93 75
61 67
47 84
91 63
29 36
73 49
47 19
96 60
88 79
33 51
61 65
47 89
66 25
48 87
27 39
68 24
14 55
58 23
30 74
54 27
20 65
52 43
48 36
66 61
62 50
73 31
32 49
90 89
28 53
72 82
24 11
73 39
27 51
42 56
58 12
29 20
48 78
60 89
86 28
58 50
22 70
66 26
17 66
69 98
56 30
65 53
72 26
51 53
81 91
46 93
91 23
64 53
50 67
56 90
25 90
54 37
30 47
35 79
48 29
28 30
84 47
27 88
44 27
54 29
69 10
17 77
21 84
41 61
52 69
16 14
83 49
55 11
34 55
50 31
80 67
19 93
41 28
42 20
96 48
23 66
49 88
87 59
33 62
51 19
44 49
16 74
98 25
38 46
92 84
97 13
79 86
32 54
28 36
93 94
95 25
42 96
30 91
65 13
77 93
95 39
57 35
36 32
53 42
21 47
79 75
20 34
64 83
33 79
77 59
59 94
98 26
51 74
87 60
64 30
41 97
40 76
16 69
52 55
73 69
81 46
26 88
27 37
21 56
45 87
46 11
33 13
28 76
55 81
33 34
94 27
95 89
56 46
34 57
82 38
97 84
48 95
11 20
80 22
74 48
35 77
62 15
779 531
255 141
234 484
480 709
193 605
670 619
345 276
737 592
538 130
135 676
972 231
443 394
355 109
481 976
673 541
573 503
804 568
361 217
450 997
363 283
211 948
886 385
617 557
170 200
176 244
810 234
422 705
142 927
323 714
848 681
813 496
518 553
221 519
149 805
926 608
322 656
648 957
732 201
850 857
318 577
661 442
215 994
155 770
121 876
997 139
574 910
594 956
449 336
916 611
107 417
931 732
814 238
180 844
483 482
751 708
622 406
809 102
838 476
318 924
136 813
844 391
330 630
404 202
975 628
114 209
566 952
518 446
216 194
179 752
339 142
939 157
243 885
102 537
672 907
736 699
296 979
462 413
741 980
537 361
720 118
718 636
147 152
361 463
887 685
414 711
839 471
848 675
995 519
660 364
215 811
375 728
270 145
922 569
566 617
960 780
730 363
573 655
427 685
948 873
159 704
501 153
714 707
848 264
510 303
599 676
219 837
545 315
184 950
780 225
931 953
290 981
286 771
680 385
533 811
443 978
955 317
119 340
846 343
279 620
150 750
804 635
845 262
295 640
649 569
785 606
108 215
142 971
963 734
132 299
398 176
813 215
526 901
984 375
508 843
792 398
541 167
957 736
859 852
335 299
702 344
149 546
159 618
505 205
616 533
149 504
789 426
874 796
505 596
101 937
533 547
295 612
643 732
495 421
276 650
741 815
571 310
629 103
825 720
246 781
189 986
195 185
300 187
684 571
481 254
294 242
857 924
405 737
460 709
281 325
604 401
508 110
939 527
213 435
151 396
670 690
375 183
604 859
709 176
360 576
137 826
187 762
647 872
707 156
357 318
170 983
653 902
642 239
688 279
977 509
603 384
913 204
633 837
889 761
768 494
970 714
876 155
545 746
384 822
629 833
248 396
4400 3680
1657 5340
8137 1284
5377 4022
7815 8161
1005 9550
1225 8548
2874 8851
3488 8285
7284 3560
6313 6615
9345 3354
9653 3215
6691 4054
7510 1423
6239 2479
2839 7118
4587 7593
6938 7984
7758 9019
8956 7510
2158 3584
4054 7294
5313 5048
3344 6607
6346 9506
3488 4034
5373 9467
7312 8808
3604 7480
7064 5885
4692 8227
9699 8105
3339 1333
1835 1005
6451 8151
1298 5306
3524 1241
2554 6379
1466 4381
6235 8364
1968 2593
5768 1596
2241 1061
3431 3480
7329 2860
7420 8060
6740 8452
6812 6694
4875 8840
8099 4004
8590 6087
2881 8444
1298 1678
5812 7134
4584 7973
4145 3834
3372 2433
1541 5992
1297 5392
6577 8038
6827 7720
3562 2073
8578 6523
3263 4217
6882 2665
6314 3414
1408 2630
4575 7602
2754 4595
9888 1317
7140 3616
9131 3024
5094 3335
6933 9866
7919 6445
7721 6031
2990 6904
4728 6101
5594 3919
9888 7589
1718 8441
9126 3848
7787 9193
3886 8017
8581 4322
9049 5470
2798 7546
7818 2115
7282 4051
9301 7437
8328 2238
9368 1455
4332 6694
6027 5309
1035 9260
2224 3527
6007 4509
3534 5978
5251 4047
3898 8659
5098 2332
6149 1235
7664 2287
8035 5754
2386 8560
9766 6627
7028 2533
4512 2443
9981 4263
2063 4561
1048 5489
1110 6201
4162 8166
1194 9309
2416 1445
2279 7192
1282 6809
5338 2832
1217 3411
7405 6638
8668 1897
2263 5102
7434 5193
6115 8481
3812 4984
8865 4729
8717 7725
5590 7206
5555 7804
8627 2305
4097 3384
9682 7658
7934 8025
7131 9480
1662 2735
7396 2763
1545 5958
1269 7055
5815 3968
9046 5687
1677 3065
4164 9141
6360 4150
6685 7532
2097 9666
4586 6672
8384 6749
7539 6238
9063 8989
8148 7344
9852 1589
3509 3565
3135 2716
4533 3588
6081 6224
1910 2517
5511 3693
5440 1728
8019 5263
2402 9850
5125 9627
4973 6991
3382 1481
6192 6385
9854 1605
8054 4364
9989 1972
3459 8858
4392 5177
1887 7903
3318 8328
8003 1468
9149 7597
8915 1094
6825 1606
7968 1176
5559 7562
7395 7438
9339 3295
8015 4102
9938 3652
3956 8657
2419 3082
7613 8795
5773 6632
4252 5764
6072 8998
5398 8772
1163 9865
8568 7849
5148 8196
1352 6166
5699 1765
6397 5803
8167 2869
9617 2862
8666 5900
5123 4058
8161 1902
34368 56615
83700 39608
10955 51984
29436 66230
69825 63383
26265 16734
99275 23937
18896 14945
12898 42905
74362 23951
55670 66001
66353 97516
40557 12468
41874 45192
13092 26932
86910 55523
58988 36210
63803 19684
36322 82094
16627 40737
81960 99919
10995 15063
50465 66538
77282 77781
69838 98869
48963 62068
18593 71398
27699 68628
36055 38769
53167 25347
66664 46566
90118 32535
76632 85044
80555 77134
77787 86556
52323 52509
55908 53455
77750 19516
14922 77414
31523 31786
10258 96642
93498 16885
64425 66147
37558 35117
87826 12234
19072 56351
72613 57241
33633 26083
84766 17896
18013 16350
84429 35053
46013 63521
31944 55092
32623 15505
81072 83120
11308 13655
82754 16999
29481 31095
65692 27253
58232 20969
77234 24058
27356 46043
68519 20679
19502 79122
51164 87801
51364 37029
78478 40387
14093 94328
44040 76786
56853 26076
60796 80538
47452 34942
42256 37649
53775 19812
93344 25067
54348 97602
27914 15312
88884 13265
71459 31897
92218 16602
82324 48827
57060 87339
69609 48815
91231 91199
39951 33492
26841 56603
98419 24246
49040 49734
78459 54901
45532 91609
94020 71532
37692 88800
63586 31796
55631 25857
35192 10322
53775 46157
46213 48825
92725 39283
42010 86254
91588 25856
79016 31257
37509 90092
83317 58380
51912 54213
26164 11765
69477 56852
30857 27728
87693 63517
99584 59890
57782 52594
69169 44050
57721 99612
32803 59567
95927 82954
47089 60971
37441 36945
48615 90429
77297 75129
26629 43344
26783 54892
52254 92387
56154 84066
54028 77596
69884 37866
37374 15966
18799 85448
77590 99406
45960 36093
99519 96851
16254 98560
88966 63118
73336 62596
98858 57781
56730 27988
86199 29034
50262 89133
38546 29786
31765 89513
99752 95371
87813 87784
53599 44709
62011 91061
16573 15083
84995 74864
18631 26771
43230 36730
89303 68806
24792 78667
87897 18113
65953 12516
44107 71092
47017 76054
46247 45952
80464 52512
28544 80386
17852 79327
43481 91175
79046 64989
77800 28900
31670 23905
48862 81979
86859 90305
34080 36174
65771 17297
13195 45668
14697 91917
41597 33087
89127 71956
27242 26851
30994 65041
47821 29429
82495 24198
86258 61808
31596 15604
83344 39159
88339 44916
30013 53495
84928 18388
46414 61472
94917 38550
86864 40649
77796 94787
73738 19492
72283 41410
36493 23896
67689 18995
41676 96421
40056 25264
10176 82978
84639 54806
72596 43391
61676 47619
87690 72634
67101 71485
42190 56825
78069 44485
35682 31601
29690 44823
77636 91215
85713 41217
750870 824590
743359 690960
506412 263528
740758 631528
145775 105511
566123 370703
708305 912315
876124 143265
424602 588677
939745 216015
602538 346144
348815 232196
198568 797752
863978 872135
869333 865611
726396 934388
512702 342196
518224 745840
904586 411807
401374 213202
102426 268035
671822 354001
998070 191660
181468 145784
931114 951534
698995 597902
676882 767239
311386 504348
780816 743149
472527 171501
712209 629332
151160 671743
342560 244038
369717 519631
128007 267581
331120 727618
453885 913961
581437 473073
145169 765917
557491 446472
647888 415456
252347 237066
554622 768767
827361 309963
654997 681841
819463 376648
701304 819249
725686 782870
868702 207633
519899 637026
413571 351747
751982 223486
263545 960650
923010 503237
997667 644959
123598 391067
682156 794694
865467 426926
137458 716168
800946 569077
917763 323743
436438 727167
205293 877670
485393 138646
421422 887681
856947 850619
971156 801253
490264 855757
142269 504122
801233 894843
979764 166962
570413 493606
443096 439864
637974 981880
821238 192977
460385 744960
231857 302408
623168 840546
467942 715825
874842 191485
435702 291648
280637 542956
224596 573451
314403 820699
896478 308360
218275 467687
714994 659208
794414 740209
938178 449842
423737 912624
298782 134780
163255 714419
376291 359891
345570 105162
465263 821881
179956 875791
430602 581173
638873 265502
609492 556084
516049 783726
144852 139573
589411 909150
885181 811204
148194 102345
972985 888176
585694 188258
963636 166989
410160 890076
711708 420991
627216 582452
543813 549732
137790 666564
476995 877150
393990 877064
317632 355038
239391 872473
161955 152404
617016 505325
169528 214187
362089 965679
354689 917229
282915 826665
103365 231748
155116 935270
455613 775010
263363 506762
719337 962893
574591 566869
781563 980587
531397 979225
821021 416860
645959 695570
301817 123154
686208 311197
592863 484573
608015 208124
917980 917028
583993 944000
473904 261978
424640 454954
964279 925231
709532 376883
291668 690648
128013 333976
966521 876961
391296 454156
960474 233119
885703 644176
862864 388537
792764 951714
328318 203312
942926 101066
267381 300967
140372 214850
299866 876314
466945 800340
878695 535067
385322 470147
356569 270833
666289 457593
387031 216778
315929 358887
621209 518525
521349 737144
888200 169525
395888 623237
118192 354299
649899 712903
701681 327238
794252 866407
252743 988520
969724 928784
185483 520912
296305 828821
160549 854110
246726 848821
374184 585296
576146 543430
658452 216625
925948 345571
159376 502931
725944 289745
983803 970630
219468 556617
571298 627214
872928 587311
568797 870187
643608 154385
880389 592375
883694 243441
915010 848339
948610 785495
237651 692890
105698 879294
530225 151424
311107 824370
173978 574548
823154 341554
388477 397426
808587 201169
